m = 5000
k = 400
th = 1
block_size = 64

n		raleigh		svds
------------------------
5000	1.1			1.1
10000	1.5			2.1
15000	2.1			3.1
20000	2.5			4.1
25000	3.1			5.0
30000	3.4			6.2
35000	4.0			7.0
40000	4.6			8.0

th = 0.01
block_size = 16

n		raleigh		svds
------------------------
5000	2.8			4.2
10000	4.0			8.4
15000	5.6			13.0
20000	7.5			16.0
25000	11.0		26.0
30000	11.0		25.0
35000	12.0		33.0
40000	13.0		33.0

block_size = 32
40000	8.5			25.0

block_size = 64
40000	7.2			25.0

block_size = 128
40000	6.5			34.0
